ID	FirstFound	LastPresent	LastChecked	Fate	Freq	Year	HenAge	Date	Dlek	Sage	NonSage	RoadD500	All1000	NMG_Ht	AvgGrsHt100
159.099-1-2004	11	41	41	0	1	2004	Adult	-1.270082308	-0.531292416	-0.153947286	-0.330198578	-0.853394109	0.679042949	0.086978484	0.219311573
159.501-1-2004	10	40	40	0	1	2004	Adult	-1.353125872	-0.40226618	-0.362568513	0.745846126	-0.853394109	0.320983966	-0.259531972	-0.245528189
159.580-1-2004	17	39	39	0	1	2004	Adult	-1.353125872	-0.003710228	-0.710270558	-0.02802164	-0.314300058	0.577296862	0.157947635	0.414244377
159.603-1-2004	9	44	44	0	1	2004	Adult	-1.270082308	-1.040179851	-0.384695007	-0.061187402	1.372585521	0.459902661	-0.409929831	-0.401408417
160.710-1-2004	25	37	37	0	1	2004	Adult	-0.107472414	-0.070174617	0.405536914	-0.496027385	0.83349147	0.73187034	-0.232564815	-0.216015837
159.299-1-2004	13	24	28	1	1	2004	Adult	-1.519212999	-0.239969646	-0.356246658	-0.050132148	-0.853394109	0.113583097	0.090947675	-0.591580283
159.380-1-2004	9	9	16	1	1	2004	Adult	-1.10399518	1.58898916	0.702664117	-0.484972131	0.920419021	0.70252179	-0.070995355	-0.295452017
159.460-1-2004	11	26	32	1	1	2004	Adult	-1.436169436	-0.130598357	-0.593316234	-0.62869043	-0.853394109	0.786658747	-0.486014063	0.342319485
159.482-1-2004	7	25	35	1	1	2004	Adult	-1.10399518	-0.857782474	0.911285344	-0.62869043	0.868242029	-0.479277629	0.193670363	-0.180099261
160.513-2-2004	8	33	36	1	1	2004	Adult	0.058614714	-0.932250468	0.418180625	-0.62869043	0.276970985	-0.453837772	0.908204293	0.648899337
160.592-1-2004	8	17	23	1	1	2004	Juvenile	-0.190515978	-0.886156397	1.552953664	-0.62869043	-0.853394109	-0.24839125	-0.188324668	-0.429974042
160.048-1-2004	11	37	37	0	1	2004	Unknown	0.224701841	-0.549200993	-0.122338009	0.204138689	-0.853394109	0.148801357	0.599004242	0.32529471
160.130-1-2004	5	9	18	1	1	2004	Unknown	0.390788969	1.155945952	0.241168675	-0.352309085	0.88563436	0.733831357	-1.26334061	-1.541213622
160.353-1-2004	22	37	37	0	1	2004	Unknown	0.058614714	-1.040785019	-1.623778659	1.346514916	0.6247835	0.559687731	-0.292989925	-0.315519649
160.392-1-2004	7	23	26	1	1	2004	Unknown	1.553398863	-0.88710238	2.242035899	-0.62869043	-0.488189264	-0.352098354	-0.202454992	-0.368648608
159.099-1-2005	16	37	37	0	1	2005	Adult	-1.685300127	-0.619722762	-0.255096972	-0.62869043	-0.853394109	0.614476139	-0.290094749	0.285164884
160.012-1-2005	14	14	17	1	1	2005	Adult	-1.602256563	-0.951026267	1.023498277	-0.62869043	1.529082396	-0.324704151	0.726245195	0.124064641
160.012-2-2005	13	37	37	0	1	2005	Adult	0.141658278	-0.848829448	-0.569609276	0.836130698	2.08560288	-0.426450238	1.590667153	2.334638991
160.048-1-2005	26	40	10	0	1	2005	Adult	-2.432692202	-0.549650707	0.307548156	-0.62869043	-0.853394109	-0.025342268	0.261358315	-0.376367521
160.130-1-2005	21	30	32	1	1	2005	Adult	-2.017474382	1.167855568	0.345479288	-0.62869043	0.88563436	0.706437153	0.056018787	-0.672999571
160.130-2-2005	17	39	39	0	1	2005	Adult	1.636442427	1.152054107	0.386571348	-0.437066031	0.868242029	0.653609762	2.692356064	3.791717427
160.193-1-2005	19	33	35	1	1	2005	Adult	-0.937908052	-0.969219806	-0.141303575	-0.031706725	0.416109632	0.031400486	0.525177272	0.578370859
160.292-1-2005	11	23	29	1	1	2005	Adult	-1.270082308	-0.26771684	0.490881962	0.005144121	-0.853394109	0.786658747	-0.367890911	-0.18587894
160.292-2-2005	8	36	36	0	1	2005	Adult	2.051660246	-0.290538319	0.497203817	-0.62869043	-0.853394109	0.786658747	3.038628367	3.425281898
160.333-1-2005	12	22	26	1	1	2005	Adult	-1.10399518	-0.998575947	0.683698551	-0.62869043	1.720398035	0.432508457	-0.275607199	-0.246156903
160.333-2-2005	21	39	39	0	1	2005	Adult	1.387311735	-1.052056877	0.380249493	0.222564112	0.711745154	0.432508457	2.058532816	1.478058482
160.353-1-2005	9	37	37	0	1	2005	Adult	-1.10399518	-1.001056488	-0.463718199	0.277840381	0.450894294	0.653609762	-0.229512346	-0.552978152
160.392-1-2005	13	27	31	1	1	2005	Adult	2.799052321	-0.923639536	1.0661708	-0.566043992	0.676960492	-0.367746468	4.145344921	3.003915095
160.572-1-2005	20	37	37	0	1	2005	Adult	-1.10399518	-0.850090179	-0.239292333	-0.21964604	2.398630733	0.187934981	-0.096831186	-0.387677301
160.754-1-2005	14	17	20	1	1	2005	Adult	-1.436169436	0.387395031	-0.684983137	-0.62869043	-0.853394109	0.741655413	0.112060398	-0.324543544
160.754-2-2005	12	16	26	1	1	2005	Adult	1.968616682	0.151890629	1.584562941	-0.62869043	-0.053449198	0.771003964	3.05005964	3.194064934
160.830-1-2005	11	26	34	1	1	2005	Adult	1.138181044	0.095830593	0.867032356	-0.62869043	-0.853394109	0.739701067	1.944900521	1.948267463
160.843-1-2005	7	38	38	0	1	2005	Adult	0.058614714	-0.274337563	0.746917104	0.605812911	-0.853394109	-0.052729801	2.362913134	2.023972498
160.862-1-2005	17	20	26	1	1	2005	Adult	-0.190515978	0.536319467	-1.81343432	3.745504991	0.033512456	-0.694502554	1.225682944	2.979940131
160.871-1-2005	8	18	27	1	1	2005	Adult	-0.107472414	0.310277721	1.606689434	-0.62869043	-0.853394109	-1.338229654	2.25653879	2.261815038
160.882-1-2005	21	40	40	0	1	2005	Adult	-0.605733797	0.658511966	-0.624925511	1.092244078	1.111734661	0.342508459	0.262416767	-0.160855071
160.451-1-2005	19	36	36	0	1	2005	Juvenile	1.138181044	-0.606618821	-0.757684474	-0.5402484	1.633436381	0.508821358	4.995281219	2.038976311
160.532-1-2005	18	39	39	0	1	2005	Juvenile	-0.771820925	-0.786492659	0.40395645	-0.62869043	1.911679572	0.579257878	0.588344127	1.313354925
160.154-1-2005	19	22	26	1	1	2005	Juvenile	0.556876097	0.955059455	0.348640216	-0.068557571	-0.853394109	0.526430488	1.275354546	2.197532166
160.231-1-2005	16	24	33	1	1	2005	Juvenile	1.304268171	0.51938055	0.569905154	-0.267552139	0.346540309	0.455987297	3.800713217	4.065460141
160.492-1-2005	12	15	19	1	1	2005	Juvenile	1.138181044	1.002590109	0.655250201	-0.62869043	-0.853394109	0.189889328	2.838157714	3.249533606
160.773-1-2005	16	16	20	1	1	2005	Juvenile	0.639919661	-0.263451565	-0.387855935	-0.62869043	0.050904787	-0.119257629	-1.26334061	0.977955718
160.851-1-2005	7	10	14	1	1	2005	Juvenile	-0.522690233	-0.705942793	0.413439234	-0.62869043	-0.853394109	0.575342515	0.127464241	0.690541218
160.851-2-2005	16	20	24	1	1	2005	Juvenile	0.639919661	-0.583781301	-0.618603655	0.045680052	-0.522973926	0.050970633	2.064231441	2.363408948
160.901-2-2005	16	34	35	1	1	2005	Juvenile	1.304268171	-0.929810232	0.775365453	-0.62869043	0.711745154	0.08814324	1.535855665	1.970641825
160.773-2-2005	13	16	23	1	1	2005	Juvenile	3.131226576	-0.491567177	0.955538331	0.635293588	1.337800859	0.592951645	3.028149701	3.720673968
159.097-1-2006	20	38	38	0	1	2006	Adult	-0.02442885	-0.571670111	1.644620567	0.443669188	1.911679572	0.712306863	-0.367890911	0.907443636
159.179-1-2006	11	36	36	0	1	2006	Adult	0.806006788	0.968596926	0.117892495	0.764271549	1.668221043	0.086188894	0.022677574	1.470641227
159.321-1-2006	12	36	36	0	1	2006	Adult	-0.273559542	0.11303146	-0.767167257	-0.62869043	-0.853394109	0.101843677	1.359501415	1.462369865
159.499-1-2006	20	35	35	0	1	2006	Adult	1.470355299	-0.964394157	0.045191158	0.288895635	0.6247835	0.76709527	1.921538992	0.520959027
159.652-1-2006	16	35	35	0	1	2006	Adult	0.639919661	1.662033817	1.929104058	-0.62869043	0.311755647	-0.262091687	0.669655858	2.094926813
160.113-1-2006	18	40	40	0	1	2006	Adult	0.058614714	1.274852396	-0.030671106	2.636294526	-0.853394109	-0.964515887	0.051255756	0.319842957
160.353-1-2006	14	37	37	0	1	2006	Adult	-0.439646669	-0.902281398	-0.748201691	2.234620304	0.868242029	0.77296498	-0.2731463	-0.334480091
160.572-1-2006	14	35	35	0	1	2006	Adult	0.556876097	-0.859496753	2.052380238	-0.62869043	0.537855948	0.567518458	-0.320993382	-0.784626143
160.754-1-2006	16	40	40	0	1	2006	Adult	-0.522690233	0.189195331	-0.296189032	-0.62869043	-0.853394109	0.76709527	0.392461928	-0.316143353
160.843-1-2006	13	37	37	0	1	2006	Adult	-0.356603106	-0.285702159	0.446628974	-0.462861623	-0.853394109	-0.174046036	0.06022146	0.071931627
160.871-1-2006	27	40	40	0	1	2006	Adult	-0.190515978	0.288687128	0.073639507	2.238305389	-0.853394109	-1.361715164	-1.26334061	-0.505045648
160.892-1-2006	21	34	34	0	1	2006	Adult	0.639919661	3.348642517	-0.539580463	0.561591896	1.87689491	0.71426121	3.013384307	1.641154008
159.121-1-2006	12	12	16	1	1	2006	Adult	0.473832533	-0.929852314	0.538295877	0.329431566	0.242186323	0.718176573	-0.122330237	1.057522629
159.793-1-2006	20	36	38	1	1	2006	Adult	-1.353125872	0.082795101	0.993469464	-0.263867055	0.38132497	-0.129042702	-0.127698097	-0.429538559
159.910-1-2006	14	14	21	1	1	2006	Adult	-0.439646669	-0.637393519	-2.183262859	5.41116323	-0.853394109	-1.291271973	-1.26334061	-0.446402341
160.072-1-2006	10	29	32	1	1	2006	Adult	0.722963224	-0.828462267	-1.396191866	2.835289094	-0.522973926	-0.209264296	1.242013334	0.674121647
160.130-1-2006	9	31	34	1	1	2006	Adult	-1.270082308	1.184034619	0.08312229	-0.62869043	0.868242029	0.733831357	-0.758343225	-1.026094059
160.231-1-2006	20	20	27	1	1	2006	Adult	-0.937908052	-1.063597396	0.345479288	-0.62869043	0.589998838	0.446208894	-0.2683965	-0.519436958
160.251-1-2006	14	23	27	1	1	2006	Adult	-0.605733797	-0.734993837	-0.928374569	1.604470838	-0.853394109	0.342508459	-1.26334061	0.627639185
160.409-1-2006	15	15	22	1	1	2006	Adult	-0.522690233	0.662504567	0.62996278	-0.62869043	0.850883801	0.780789037	0.328244288	-0.629790382
160.492-1-2006	7	11	15	1	1	2006	Adult	2.217747374	-1.042532285	-2.183262859	-0.62869043	-0.853394109	-1.602379946	1.899871873	0.320508181
160.532-1-2006	15	19	23	1	1	2006	Adult	1.553398863	-1.102403962	-2.183262859	-0.62869043	-0.853394109	-1.903696176	0.273938348	0.770939312
160.652-1-2006	31	36	38	1	1	2006	Adult	-1.270082308	-0.920896895	0.250651458	-0.62869043	-0.853394109	0.463818024	-0.432985659	-0.513586729
160.710-1-2006	14	30	32	1	1	2006	Adult	-0.439646669	-0.742873709	0.563583299	0.182028182	-0.853394109	0.242716718	0.941942424	0.972747363
160.820-1-2006	14	14	18	1	1	2006	Adult	-0.605733797	-0.03425308	0.923929055	-0.289662647	-0.853394109	0.763179907	0.401338484	0.379916588
160.830-1-2006	14	15	21	1	1	2006	Adult	0.556876097	-0.264970012	-0.628086439	-0.62869043	-0.853394109	0.387505123	0.176958339	0.179294413
160.882-1-2006	11	29	34	1	1	2006	Adult	-0.107472414	0.664388545	-0.144464503	0.946683236	1.129126991	0.362071936	0.448174949	-0.018990714
159.340-1-2006	7	37	37	0	1	2006	Juvenile	1.470355299	1.055518084	1.676229844	3.874482952	-0.853394109	-2.518074725	2.594713942	3.272295551
159.357-1-2006	8	31	31	0	1	2006	Juvenile	1.553398863	1.561707229	-1.611134948	5.013174093	0.398717301	-0.878424583	-0.155936062	1.126546006
159.379-1-2006	15	35	35	0	1	2006	Juvenile	0.972093916	2.246376625	2.845773087	0.716365449	-0.001272206	0.547948311	-1.26334061	2.124503881
159.418-1-2006	8	35	35	0	1	2006	Juvenile	0.639919661	0.811931672	1.884851071	-0.009596217	0.329147978	0.469687734	0.10841212	0.640976361
159.632-1-2006	9	36	36	0	1	2006	Juvenile	-0.190515978	-0.613414047	1.217895329	-0.62869043	-0.853394109	0.632085269	-0.372653941	-0.186491936
159.769-1-2006	11	33	33	0	1	2006	Juvenile	-0.190515978	-1.106229952	0.37076671	-0.35599417	0.016120125	0.553818021	-0.46260494	-0.62751517
159.058-1-2006	19	23	28	1	1	2006	Juvenile	-0.107472414	-0.780551971	1.31272316	-0.62869043	0.450894294	0.653609762	-0.307757653	0.225200716
159.398-1-2006	10	10	17	1	1	2006	Juvenile	0.972093916	-0.730872973	-0.31199367	-0.62869043	0.6247835	0.626215559	0.059591059	0.531651186
159.458-1-2006	10	10	14	1	1	2006	Juvenile	0.639919661	-0.762899795	1.31272316	-0.252811801	-0.853394109	0.653609762	0.778808636	-0.274341198
159.612-1-2006	11	11	18	1	1	2006	Juvenile	-0.190515978	-0.94406838	0.642606491	-0.193850447	0.711745154	0.540124255	0.007435877	-0.575726693
159.672-1-2006	11	36	36	0	1	2006	Unknown	-0.273559542	-1.057911112	-1.260271975	0.311006143	1.842110248	0.084234547	1.26666902	-0.025296629
159.891-1-2006	16	36	36	0	1	2006	Unknown	0.307745405	2.674240438	1.963874263	-0.62869043	1.546474727	0.579257878	0.959089334	0.651312606
159.079-1-2007	12	38	38	0	1	2007	Adult	-0.356603106	1.317543574	2.630830004	2.054051159	-0.853394109	0.73774005	0.784762424	1.157655565
159.136-2-2007	19	37	37	0	1	2007	Adult	1.221224608	0	0	0	0	0	0	0
159.279-1-2007	16	37	37	0	1	2007	Adult	-0.605733797	1.624623319	2.055541166	0.487890204	-0.853394109	-0.688632844	-0.972224197	0.170884871
159.357-1-2007	16	33	33	0	1	2007	Adult	0.556876097	1.49412002	-0.236131406	0.686884772	-0.853394109	-1.553461249	0	1.505184103
159.537-1-2007	10	38	38	0	1	2007	Adult	-0.356603106	1.394205871	0.234846819	0.366282412	-0.853394109	-2.375240667	2.019067708	0.793176543
160.044-1-2007	12	36	36	0	1	2007	Adult	0.224701841	-0.856393118	-0.764006329	2.422559619	0.88563436	0.011837009	-0.090274287	-0.108028418
160.882-1-2007	19	38	38	0	1	2007	Adult	-0.937908052	0.611132848	1.142033065	0.443669188	0.694352823	0.340547443	0.475165454	0.402517493
159.398-1-2007	15	18	21	1	1	2007	Adult	-1.10399518	-0.775075236	1.802666951	-0.62869043	0.155258772	-0.091863425	-1.26334061	0.104068281
159.418-1-2007	20	27	30	1	1	2007	Adult	-1.020951616	0.84077993	1.869046432	-0.35599417	-0.227338404	0.500990631	0.26082909	0.622757405
159.612-1-2007	16	30	32	1	1	2007	Adult	1.387311735	0.659631653	0.863871429	3.502289407	-0.853394109	-0.31883444	4.980992128	0.894343031
159.827-1-2007	18	18	21	1	1	2007	Adult	-0.356603106	1.005928897	0.007260026	0.185713266	0.311755647	-1.117135018	1.352939018	2.399706758
159.910-1-2007	3	9	20	1	1	2007	Adult	0.058614714	-0.626556891	1.413872846	-0.62869043	-0.853394109	-0.712111684	0.027440605	1.632472234
160.830-1-2007	14	22	25	1	1	2007	Adult	-1.436169436	0.296152088	0.253812385	-0.62869043	-0.853394109	0.739701067	1.657797862	-0.354048328
160.871-1-2007	15	28	32	1	1	2007	Adult	-0.439646669	0.355886683	0.1526627	2.492576226	-0.853394109	-1.492803132	0.666639272	-0.107556882
159.466-1-2007	31	38	38	0	1	2007	Juvenile	0.473832533	0.863732158	1.802666951	-0.201220617	-0.853394109	0.187934981	-0.252217318	-0.042384049
159.567-1-2007	11	36	36	0	1	2007	Juvenile	0.390788969	-0.968822821	1.590884796	0.33311665	1.024773006	0.08227353	0.232250908	-0.336039441
159.227-1-2007	8	8	13	1	1	2007	Juvenile	-0.937908052	-0.767307177	0.965021114	-0.62869043	-0.853394109	0.653609762	-0.470079561	-0.465790129
160.128-1-2007	10	19	23	1	1	2007	Juvenile	0.307745405	-0.953495254	0.408697842	-0.068557571	0.729137485	0.473596427	-0.250856452	-0.664372127
160.428-1-2007	12	13	15	1	1	2007	Juvenile	-0.605733797	-0.799535998	0.737434321	-0.62869043	0.746529815	0.76709527	0.175094544	-0.369423511
160.790-1-2007	17	23	26	1	1	2007	Juvenile	-1.10399518	-0.999354561	1.170481414	-0.543933484	0.90302669	0.553818021	-0.076393456	-0.597199416
159.079-1-2008	13	37	37	0	1	2008	Adult	0.424006395	1.202459069	-0.507971187	0.439984104	-0.853394109	0.657518456	0.141753332	0.13839607
159.379-1-2008	13	37	37	0	1	2008	Adult	0.050310357	2.183309453	-0.602799017	0.734790872	0.88563436	0.45403295	0.470402424	-0.462340243
159.499-1-2008	8	44	44	0	1	2008	Adult	-1.087386467	-0.96935671	1.198929763	-0.62869043	-0.60993558	0.76709527	-0.324071032	-0.529769829
159.515-1-2008	14	37	37	0	1	2008	Adult	0.382484613	1.078453719	-0.286706249	0.863768833	-0.853394109	-2.195234002	-0.929928488	-0.125192312
160.190-1-2008	18	40	40	0	1	2008	Adult	-0.4147336	-0.091806031	-2.025216475	-0.426010777	-0.853394109	-0.907773133	4.642816976	0.306357039
160.808-1-2008	15	40	40	0	1	2008	Adult	-0.788429638	-0.153490392	-0.666017571	-0.481287046	3.407249512	0.733831357	-0.382180002	-0.934347346
159.558-1-2008	15	26	32	1	1	2008	Adult	-0.215429047	-0.727749394	0.092605074	-0.62869043	0.83349147	0.76709527	-1.26334061	-1.541213622
159.056-1-2008	8	11	15	1	1	2008	Adult	1.570007576	1.159223926	0.155823627	-0.62869043	-0.853394109	-1.087786468	-0.024952729	-0.443074647
159.067-1-2008	18	26	29	1	1	2008	Adult	-0.555907659	-0.66262417	-1.219179916	1.250702716	-0.853394109	0.452078604	-0.834667882	-0.732058588
159.097-1-2008	9	31	34	1	1	2008	Adult	-0.090863701	-0.607675296	2.905830713	-0.426010777	1.703005704	0.753394833	0.132227272	-0.597199416
159.347-1-2008	13	18	22	1	1	2008	Adult	-0.746907856	-0.79693655	3.790890465	-0.62869043	0.816099139	-0.001863427	-0.310734547	0.105416872
159.347-2-2008	5	24	30	1	1	2008	Adult	1.453746586	-0.909176208	0.408697842	-0.62869043	2.34645374	0.123361501	0.141753332	1.542157455
159.445-1-2008	12	28	32	1	1	2008	Adult	-0.14068984	2.313666846	-0.302510887	1.103299332	-0.853394109	0.41881469	-0.172606668	-0.485458958
159.495-1-2008	9	14	18	1	1	2008	Adult	-0.447951026	-0.929773842	-0.824063955	-0.62869043	0.90302669	0.729915993	-0.567938184	-0.693099271
159.537-1-2008	13	15	19	1	1	2008	Adult	-0.580820728	1.503501058	1.989161684	-0.62869043	-0.853394109	-1.520197336	-1.26334061	-0.435368409
159.661-1-2008	8	25	28	1	1	2008	Adult	-0.339994393	0.161982078	-0.887282509	-0.62869043	-0.853394109	0.786658747	-0.010663638	-0.600570895
159.680-1-2008	12	14	16	1	1	2008	Adult	0.357571544	1.946422233	-0.492166548	-0.352309085	0.763922146	-0.784509222	-0.119022577	-0.284775666
159.680-2-2008	10	30	32	1	1	2008	Adult	2.010138464	1.892212826	2.147208069	-0.389159931	0.433501963	-0.806033715	-1.26334061	0.635798732
159.728-1-2008	13	36	39	1	1	2008	Adult	0.27452798	2.210379557	1.499217893	-0.297032816	0.763922146	0.44816324	0.261424469	2.504561549
160.044-1-2008	19	23	31	1	1	2008	Adult	-1.319908446	-0.899750065	0.977664825	0.587387488	0.711745154	0.375765703	-0.215473941	-0.934347346
160.128-1-2008	12	20	23	1	1	2008	Adult	-0.032733207	-1.005425419	-0.485844693	0.955895948	0.763922146	0.614476139	-0.787037579	-0.780222578
160.156-2-2008	10	18	21	1	1	2008	Adult	1.071746193	-0.894048192	0.693181334	-0.591839584	1.703005704	0.095973967	0	0.181986914
160.428-1-2008	13	25	29	1	1	2008	Adult	-0.888081914	0.103852442	0.12421435	-0.62869043	-0.853394109	0.679042949	-0.205947881	-0.394910657
160.509-1-2008	9	30	37	1	1	2008	Adult	-0.032733207	0.340650501	-0.934696424	-0.278607393	2.729016814	0.522515124	-0.763222427	-0.907375512
160.541-1-2008	10	26	29	1	1	2008	Adult	-0.447951026	0.380566706	-0.397338718	-0.333883662	-0.853394109	-0.653414584	0.646634545	-0.841294517
160.640-1-2008	9	31	32	1	1	2008	Adult	0.15826699	0.529585626	0.282260735	-0.62869043	-0.853394109	0.786658747	0.294170302	-0.732058588
160.770-1-2008	11	18	20	1	1	2008	Adult	-0.389820531	0.898321686	-1.092742808	1.821890829	-0.262123066	0.279895995	-0.301208487	0.390269413
160.898-1-2008	12	17	22	1	1	2008	Adult	-0.11577677	-0.615549394	0.076800435	-0.62869043	0.868242029	0.01770672	-0.27977485	0.122948565
159.013-2-2008	8	14	17	1	1	2008	Juvenile	1.071746193	1.496338906	4.517903832	-0.62869043	1.129126991	0.681003966	-0.247227477	-0.558668223
160.275-1-2008	9	10	12	1	1	2008	Unknown	-0.423037957	0.100060873	-0.444752633	-0.62869043	-0.40122761	0.786658747	0.768885656	-0.808478786
160.275-2-2008	14	37	37	0	1	2008	Unknown	0.714658868	-0.134761614	0.060995797	-0.62869043	1.250839205	0.786658747	0.03458515	-0.327481071
159.056N109	32	39	39	0	1	2009	Adult	0.058614714	1.741174689	-1.712284634	0.255729874	-0.853394109	-4.151855158	-0.679869397	-0.705086753
159.379N109	18	39	39	0	1	2009	Adult	0.390788969	2.203461486	1.944908697	-0.190165363	0.711745154	0.524469471	0.197322019	0.894680179
159.499N109	14	40	40	0	1	2009	Adult	-0.356603106	-0.94003096	-1.285559397	-0.145944348	0.503071286	0.733831357	-0.024952729	-0.68710553
159.643N109	12	38	38	0	1	2009	Adult	0.390788969	3.151812064	-1.190731566	4.080847689	-0.279515397	-0.800164005	-0.517132528	-0.091477519
159.728N109	13	38	38	0	1	2009	Adult	0.058614714	2.169704806	0.531974022	-0.020651471	0.90302669	0.420769037	-0.203566365	-0.202254696
159.816N109	12	39	39	0	1	2009	Adult	0.390788969	-0.7886469	-0.732397052	-0.62869043	-0.853394109	-0.537974729	-0.485378992	-0.546627226
159.886N109	12	33	33	0	1	2009	Adult	-1.187038744	-0.756313798	-2.107400595	4.106643282	-0.853394109	-1.721728494	-1.26334061	-0.192621898
160.007N109	11	35	35	0	1	2009	Adult	0.058614714	0.51875869	0.389732276	-0.606579923	-0.853394109	-2.34980748	-0.846575457	-0.132684489
160.128N109	18	41	41	0	1	2009	Adult	-0.190515978	1.404812524	0.645767418	-0.477601962	0.850883801	0.146840341	-0.775130003	-0.374681781
160.176N209	11	36	36	0	1	2009	Adult	0.806006788	1.730662228	-0.722914269	0.318376312	-0.853394109	0.765134254	-0.572701215	-0.199364857
160.267N109	37	37	37	0	1	2009	Adult	-0.190515978	0.877329371	0.45295083	-0.610265007	-0.853394109	0.782743384	-0.215473941	-1.541213622
160.275N209	11	40	40	0	1	2009	Adult	0.307745405	-0.939660249	1.119906571	-0.62869043	-0.853394109	0.786658747	-0.763222427	-0.484816772
160.509N109	11	36	36	0	1	2009	Adult	0.307745405	0.481132494	-1.626939587	6.29189845	2.868155461	0.150755704	1.213435152	-1.057968254
160.546N109	11	39	39	0	1	2009	Adult	-0.937908052	-0.887330835	-0.593316234	-0.267552139	-0.853394109	0.684912659	0	-0.86691776
159.865N209	11	28	30	1	1	2009	Adult	1.138181044	-1.03106635	-1.241306409	0.767956633	0.798706808	-0.154475889	-0.644146669	-0.489312078
159.067N109	11	24	29	1	1	2009	Adult	-0.688777361	-0.836661664	-0.820903027	-0.62869043	-0.853394109	0.579257878	-0.489348184	-0.077991602
159.247N209	13	13	16	1	1	2009	Adult	0.722963224	-1.123414882	-0.931535496	1.434956946	-0.853394109	0.712306863	-0.703684548	-0.77058978
159.247N309	9	9	14	1	1	2009	Adult	1.885573118	-0.994703888	-0.01170554	-0.62869043	-0.853394109	0.786658747	-0.858483033	-0.911870818
159.286N109	8	11	16	1	1	2009	Adult	0.390788969	0.27325712	0.004099098	-0.62869043	0.190043434	0.786658747	-0.715592124	-0.462340243
159.286N209	12	12	15	1	1	2009	Adult	1.387311735	0.235635815	-0.245614189	1.921388113	0.763922146	0.71426121	-0.7274997	-0.689915097
159.386N309	13	28	31	1	1	2009	Adult	0.639919661	-0.166247857	0.241168675	-0.344938916	0.850883801	-0.641675164	-0.370272426	-0.833202967
159.427N109	13	28	34	1	1	2009	Adult	0.639919661	0.920526316	0.901802561	0.616868165	0.416109632	0.600782372	-0.310734547	-0.142049709
159.620N209	11	18	21	1	1	2009	Adult	2.051660246	-1.171471034	0	0	0	0	-0.596516366	0
159.680N109	11	21	24	1	1	2009	Adult	2.051660246	1.90284007	1.752092108	-0.62869043	-0.488189264	-0.530150673	1.007037172	2.040046622
159.696N109	13	27	32	1	1	2009	Adult	-0.190515978	-0.348244308	-0.119177081	-0.462861623	0.259578654	0.786658747	-0.596516366	-0.529769829
159.767N109	9	13	16	1	1	2009	Adult	-1.353125872	-0.902410363	-0.122338009	-0.385474847	-0.853394109	0.786658747	0.057408004	-0.698343795
159.767N209	11	21	24	1	1	2009	Adult	0.307745405	-0.903445487	-0.349924802	-0.120148755	-0.488189264	0.786658747	-0.691776972	-0.155161017
159.906N109	16	25	29	1	1	2009	Adult	-1.020951616	-0.524609231	1.002952247	-0.072242656	1.146519322	0.649694399	-0.965651215	-0.718572671
159.941N209	13	21	26	1	1	2009	Adult	0.722963224	-0.500097116	-0.289867176	0.329431566	-0.853394109	0.514691068	-0.286919396	-0.691600836
159.945N209	13	25	29	1	1	2009	Adult	0.806006788	-0.845792743	-0.128659864	0.487890204	0.659568161	0.140970631	-0.691776972	-1.541213622
159.996N109	12	12	18	1	1	2009	Adult	0.307745405	-0.85709371	0.282260735	-0.62869043	1.163877551	0.11162208	-0.70765374	-0.570227581
159.996N209	7	7	12	1	1	2009	Adult	1.885573118	-0.981233641	0.904963488	-0.62869043	1.076949999	0.027491793	-0.382180002	0.211955619
160.087N109	12	27	31	1	1	2009	Adult	-0.190515978	-0.291604513	-0.122338009	-0.62869043	-0.853394109	-0.305134004	-0.679869397	-0.544754182
160.156N209	12	26	31	1	1	2009	Adult	0.307745405	1.000064582	-0.397338718	0.141492251	-0.853394109	-2.281325306	-0.894205761	0.64543153
160.187N109	13	13	16	1	1	2009	Adult	0.722963224	-1.035842661	-0.119177081	0.178343097	-0.853394109	0.782743384	-0.787037579	-0.681486398
160.187N209	5	17	25	1	1	2009	Adult	2.632965193	-1.072437403	0.987147608	-0.62869043	-0.853394109	0.782743384	0.022677574	-0.243194088
160.218N109	14	30	35	1	1	2009	Adult	-0.522690233	-1.136713398	0.361283927	-0.525508061	-0.540366257	0.553818021	0.006800807	-0.38142474
160.275N109	11	11	13	1	1	2009	Adult	-1.353125872	0.012818441	-0.172912852	-0.62869043	0.850883801	0.786658747	-0.394087578	-0.911870818
160.448N209	14	21	25	1	1	2009	Adult	0.556876097	2.210685132	-0.669178498	0.288895635	1.129126991	-0.336443571	-0.560793639	-0.637657167
160.770N109	17	32	38	1	1	2009	Adult	0.307745405	0.937349837	-0.049636672	1.121724755	-0.157769081	0.467726717	0.141753332	1.122255032
159.286n309	8	11	14	1	1	2009	Adult	2.300790938	0.039908475	2.333702802	2.227250135	1.807325587	0.71426121	-0.144028487	-0.469083202
159.617N109	9	25	30	1	1	2009	Adult	0.556876097	-0.983078793	0.354962071	0.322061397	-0.853394109	0.602736719	-0.834667882	-0.709582059
159.804N109	12	17	20	1	1	2009	Adult	0.972093916	0.278401172	0.20639847	2.205139628	-0.853394109	-0.082078351	0.117938181	0.663733846
159.386N109	5	9	14	1	1	2009	Adult	-1.270082308	-0.357808393	0.168467338	-0.62869043	0.64217583	0.432508457	0.117938181	-0.518531565
159.316N109	11	38	38	0	1	2009	Juvenile	0.141658278	-1.008744586	-1.083260025	-0.031706725	0.346540309	-0.363837774	-0.465533033	-0.015619235
159.476N209	13	33	33	0	1	2009	Juvenile	0.722963224	-1.092313539	0.064156724	-0.62869043	-0.262123066	0.172280198	-0.965651215	-0.907375512
159.706n109	10	32	32	0	1	2009	Juvenile	0.639919661	-0.940495568	-0.027510178	0.10832649	-0.853394109	0.639909326	0.022677574	0.346814791
160.198N209	10	32	32	0	1	2009	Juvenile	2.716008757	1.350522716	-0.112855226	0.926415271	-0.853394109	0.152710051	-0.751314851	0.167002561
160.278N109	7	38	38	0	1	2009	Juvenile	0.722963224	-0.423739513	1.916460348	-0.518137892	-0.853394109	0.332723386	1.296788183	2.260129299
160.409N209	7	37	37	0	1	2009	Juvenile	1.05513748	0.932461411	-1.810273393	0.462094611	1.181269881	0.009882663	-0.477440608	0.144526032
160.418N109	13	32	36	1	1	2009	Juvenile	-0.190515978	-0.112746073	0.098926929	-0.407585354	-0.853394109	-0.606456903	-0.132120911	-0.42862545
UMHENN109	29	36	36	0	1	2009	Unknown	0	0.878515647	0.478238251	-0.62869043	-0.853394109	0.77883469	-0.882298185	-1.541213622
159.197n12010	1	16	20	1	1	2010	Adult	-0.771820925	-0.526492401	0.494042889	-0.62869043	-0.853394109	0.602736719	-0.739407275	-0.610685333
159.306N12010	15	25	30	1	1	2010	Adult	-0.854864489	-0.058175766	-0.021188323	-0.62869043	0.659568161	0.724046283	-0.667961821	0.00966686
159.347n12010	10	14	16	1	1	2010	Adult	-0.854864489	-0.856470137	0.879676067	-0.595524669	-0.853394109	0.673173239	0.927653333	-0.057762726
159.347n22010	7	20	23	1	1	2010	Adult	1.387311735	0	0	0	0	0	0	0
159.375n12010	11	15	19	1	1	2010	Adult	0.639919661	-0.177897477	-0.738718908	-0.62869043	0.90302669	-0.287524873	-0.19165879	-0.165650064
159.386n12010	11	19	22	1	1	2010	Adult	-0.937908052	-0.656483574	-0.09388966	-0.569729077	-0.853394109	-0.426450238	-0.429810305	-0.529769829
159.620n22010	12	16	22	1	1	2010	Adult	1.470355299	0.178498541	-0.182395635	-0.020651471	0.12047411	-2.457423278	1.070544243	-0.098220478
159.626n12010	13	14	16	1	1	2010	Adult	-1.187038744	-0.478969271	-1.266593831	1.184371193	-0.853394109	0.606652082	0.010769999	-0.246565567
159.626n22010	8	24	27	1	1	2010	Adult	0.639919661	-0.480824808	0.024645128	-0.62869043	-0.853394109	0.604691065	-0.072583032	0.451705258
159.666n12010	22	29	38	1	1	2010	Adult	-1.020951616	1.745700849	-1.879813802	-0.62869043	-0.853394109	-4.224252696	0.189383635	5.119331057
159.678n12010	15	15	18	1	1	2010	Adult	-1.602256563	-0.794450501	-1.070616314	-0.289662647	-0.853394109	0.682958313	0.26082909	-0.179135981
159.680n22010	15	36	38	1	1	2010	Adult	1.802529555	1.949587588	-0.53009768	0.904304764	0.88563436	-1.218881106	-1.26334061	-0.020301845
159.706n12010	14	14	17	1	1	2010	Adult	-0.688777361	0.100537628	0.405536914	-0.62869043	-0.853394109	0.786658747	-1.26334061	0.077096446
159.706n22010	8	16	21	1	1	2010	Adult	1.304268171	0	0	0	0	0	0	0
159.735n12010	10	20	24	1	1	2010	Adult	0.307745405	-0.589656386	-0.245614189	-0.370734508	-0.853394109	0.35424788	0.106030605	-0.104963436
160.767N12010	11	17	21	1	1	2010	Adult	-0.02442885	-0.457989351	1.142033065	-0.62869043	0.868242029	-1.171916755	-0.167843638	-0.570227581
159.816n12010	1	1	3	1	1	2010	Adult	0.806006788	-0.820552008	-0.337281092	-0.62869043	-0.853394109	-0.696463571	0.237013938	-0.654996204
159.826n12010	11	19	23	1	1	2010	Adult	-1.020951616	-0.993116916	0.102087857	-0.62869043	0.485678955	-0.217088353	-0.58460879	-1.01526285
159.996n12010	7	14	15	1	1	2010	Adult	0.307745405	-1.053329828	-0.305671815	-0.62869043	-0.001272206	0.097928314	-0.763222427	-0.342465423
160.007n12010	10	25	31	1	1	2010	Adult	0.722963224	0.840390677	-0.770328184	0.89324951	-0.227338404	0.500990631	0.737132121	0.313099998
160.176n12010	19	26	35	1	1	2010	Adult	-0.937908052	1.636932811	-0.568028813	-0.62869043	-0.853394109	0.514691068	-0.644146669	-0.597199416
160.187n12010	9	13	16	1	1	2010	Adult	-0.107472414	-0.701782318	-0.201361201	-0.62869043	0.6247835	0.367941646	-0.001137577	-0.276908881
160.236n12010	4	8	12	1	1	2010	Adult	0.556876097	0.486952101	-1.551077322	0.178343097	-0.853394109	-1.025174004	-1.013281518	-0.91748995
160.275n12010	1	8	11	1	1	2010	Adult	-1.270082308	-1.009480454	0.718468755	-0.473916877	1.61604405	0.786658747	-0.179751214	-0.442111367
160.275n22010	14	23	27	1	1	2010	Adult	-0.273559542	-0.943656454	-0.748201691	0.353384616	-0.853394109	0.786658747	-0.956125155	-0.509540953
160.278n12010	10	33	36	1	1	2010	Adult	-0.273559542	-0.448589669	-0.593316234	-0.274922309	-0.853394109	0.330769039	-0.739407275	0.05686757
160.327n12010	10	17	22	1	1	2010	Adult	-0.273559542	-0.940623431	-0.327798309	-0.326513493	1.894287241	-0.089909078	-0.50125576	0.967166984
160.327N22010	4	22	25	1	1	2010	Adult	2.799052321	-0.793981756	0.228524964	-0.551303654	0.155258772	-0.123172992	1.33251091	0.953681067
160.418n12010	13	13	17	1	1	2010	Adult	0.556876097	-0.039435576	-0.277223466	-0.62869043	0.989988345	-0.336443571	0.082215453	0.00966686
160.437n12010	10	19	23	1	1	2010	Adult	0.307745405	-0.376036992	-0.024349251	0.067790559	1.042165337	0.653609762	-0.310734547	-0.165650064
159.499n12010	12	20	22	1	1	2010	Adult	-0.439646669	-0.49837772	-0.849351376	-0.62869043	0.868242029	0.592951645	-0.525070911	-0.394910657
160.522n12010	24	25	29	1	1	2010	Adult	-0.937908052	2.174832566	-0.043314817	-0.289662647	-0.853394109	-0.455798789	-0.358364851	-0.354452905
160.546n12010	4	7	11	1	1	2010	Adult	-0.522690233	-0.628067678	-0.948920599	-0.3965301	-0.853394109	0.771003964	-0.477440608	-0.538198528
160.652n12010	10	12	13	1	1	2010	Adult	0.141658278	-0.587827729	-0.068602238	-0.62869043	-0.853394109	0.786658747	-0.382180002	-0.158907105
160.661n22010	6	23	28	1	1	2010	Adult	1.221224608	-0.109871123	0.012001418	-0.62869043	-0.853394109	0.718176573	-0.723530508	-0.639342907
160.761n12010	19	26	31	1	1	2010	Adult	-0.522690233	1.393017746	0.734273394	-0.62869043	-0.853394109	-0.269915743	-0.572701215	-0.207606251
159.206n12010	13	37	37	0	1	2010	Adult	-0.605733797	0.297553471	0.203237543	-0.62869043	-0.853394109	0.786658747	-0.58460879	-0.327481071
159.316N12010	1	42	42	0	1	2010	Adult	-0.937908052	-0.969635272	-1.396191866	-0.62869043	-0.853394109	-1.541721829	0.177476059	-0.095223607
159.427n12010	5	38	38	0	1	2010	Adult	0.806006788	0.925627079	-0.843029521	0.841658325	-0.209946073	0.387505123	0.808577576	0.601548783
159.476n12010	24	31	31	0	1	2010	Adult	-1.020951616	-0.5342542	-0.296189032	-0.62869043	-0.853394109	-0.792333278	-0.667961821	-0.759030422
159.916n12010	13	38	38	0	1	2010	Adult	-0.522690233	-0.848781141	0.019903737	-0.62869043	-0.853394109	0.786658747	-0.358364851	-0.200114075
159.935n12010	8	40	40	0	1	2010	Adult	-0.771820925	-0.811721495	-0.141303575	-0.496027385	-0.853394109	0.769049617	-0.787037579	0.271893029
159.941n12010	10	32	32	0	1	2010	Adult	-0.854864489	0	0	0	0	0	0	0
160.095n22010	7	38	38	0	1	2010	Adult	-0.190515978	-0.741595423	-1.996768126	1.361255254	-0.853394109	0.350332516	-0.822760306	-1.04672999
160.187n22010	7	33	33	0	1	2010	Adult	1.885573118	-0.737923786	-1.778664116	1.53445423	-0.853394109	-1.62389777	-0.560793639	-0.702089883
160.236n22010	3	38	38	0	1	2010	Adult	1.636442427	0	0	0	0	0	0	0
160.317n12010	7	30	30	0	1	2010	Adult	0.307745405	0.609025649	0.610997214	-0.120148755	-0.853394109	-0.768854438	-0.513163336	-0.3499576
160.418n22010	13	31	31	0	1	2010	Adult	2.051660246	-0.277426791	-1.766020405	-0.62869043	-0.853394109	0.663394836	-0.906113336	-1.059573721
160.622n32010	13	38	38	0	1	2010	Adult	1.304268171	0.441972591	-0.22980955	2.289896573	-0.853394109	0.459902661	-0.429810305	0.136097334
160.692n12010	14	38	38	0	1	2010	Adult	-0.02442885	0.65006629	-0.210843984	-0.348624001	-0.853394109	-2.019136031	1.773091214	0.151268991
160.701n12010	16	36	36	0	1	2010	Adult	-0.273559542	2.680999899	-0.068602238	-0.62869043	-0.853394109	-2.903527913	-0.394087578	0.40075846
160.711n12010	18	40	40	0	1	2010	Adult	-0.522690233	0.701190759	0.140018989	-0.62869043	-0.853394109	0.786658747	-1.26334061	-1.541213622
160.794n12010	12	31	31	0	1	2010	Adult	0.224701841	0.638481146	0.72479061	0.978006456	0.224828095	-0.203394586	-0.405995154	-0.177637546
159.247n12010	1	21	22	1	1	2010	Adult	-0.273559542	-1.050150326	-0.025929715	-0.409427897	-0.853394109	0.679042949	-0.536978487	-0.934347346
159.826n22010	12	12	16	1	1	2010	Adult	1.138181044	-0.957722071	-0.081245949	-0.591839584	-0.853394109	-0.095778788	-0.04876788	0.582818343
159.197n22010	13	19	24	1	1	2010	Juvenile	1.553398863	-0.231683339	-0.406821501	0.624238334	-0.853394109	0.745570777	-0.358364851	0.504150492
159.386an12010	11	22	26	1	1	2010	Juvenile	0.307745405	0.163410284	-1.566881961	0.311006143	-0.070841529	-1.015388931	-0.215473941	-0.251622786
159.586n12010	10	14	37	1	1	2010	Juvenile	0.473832533	1.287131078	-0.002222757	-0.62869043	-0.853394109	0.786658747	0.117938181	0.06023905
159.728n12010	10	34	37	1	1	2010	Juvenile	0.224701841	2.147908711	-0.387855935	0.06042039	1.059557668	0.422730054	0.022677574	-0.402402833
159.967n12010	10	10	13	1	1	2010	Juvenile	0.141658278	-0.486321168	-0.036992962	-0.009596217	-0.853394109	-1.003649511	-0.179751214	-0.096293918
160.047n12010	11	14	17	1	1	2010	Juvenile	-0.522690233	-0.232609796	0.174789193	-0.381789762	-0.853394109	0.786658747	-0.167843638	-0.589707239
160.571n12010	12	15	19	1	1	2010	Juvenile	-0.688777361	-0.635666605	-2.183262859	-0.282292478	-0.853394109	0.254456138	1.737368486	0.859279646
159.641n12010	5	8	12	1	1	2010	Juvenile	0.224701841	-0.697660113	-0.533258608	0.093586151	-0.853394109	0.636000632	-0.632239093	-0.13482511
159.641n22010	7	21	26	1	1	2010	Juvenile	2.466878065	-0.458857077	-0.119177081	-0.120148755	-0.853394109	0.176195561	-0.024952729	0.308283599
160.661n12010	10	13	15	1	1	2010	Juvenile	-0.937908052	-0.621961779	-0.138142647	-0.164369771	-0.853394109	0.735785703	-0.620331518	-0.779259298
159.526n12010	22	38	38	0	1	2010	Juvenile	-0.273559542	-0.96007403	0.149501772	-0.477601962	1.198662212	-0.222958063	0.237013938	-0.158907105
160.226n12010	17	38	38	0	1	2010	Juvenile	-0.522690233	-0.24035965	0.204818006	-0.62869043	-0.853394109	-0.207303279	0.927653333	-0.651143084
160.751n12010	14	37	37	0	1	2010	Juvenile	-0.190515978	-0.949495083	-0.084406877	-0.62869043	-0.853394109	0.510775704	-0.572701215	0.237241713
159.238N12011	19	36	38	1	1	2011	Adult	-0.190515978	1.885773479	-1.835560814	-0.621320261	-0.853394109	-4.668402983	-0.787037579	-0.86691776
159.306n12011	12	15	17	1	1	2011	Adult	-1.353125872	-0.020694325	0.549359124	-0.62869043	3.198575644	0.624261212	0.15286707	-0.174640675
159.358n22011	5	32	32	0	1	2011	Adult	2.965139448	-0.765784401	0.358122999	-0.62869043	0.294363316	0.137061937	0.784762424	0.805335977
159.396n12011	11	26	30	1	1	2011	Adult	1.05513748	0.991336125	0.838584007	0.299950889	1.09434233	0.747525123	0.165568484	1.155969825
159.426N12011	10	12	14	1	1	2011	Adult	-0.107472414	-0.924743505	0.187432904	-0.62869043	-0.036056867	0.555779038	-0.19165879	0.039635565
159.476n12011	18	24	26	1	1	2011	Adult	-1.934430819	-0.584134083	0.086283218	-0.62869043	-0.853394109	-0.336443571	-0.50125576	-0.748915984
159.476n22011	14	38	38	0	1	2011	Adult	1.05513748	-0.547653622	0.437146191	-0.62869043	-0.853394109	-0.729720814	-0.072583032	0.387272543
159.586N12011	5	31	31	0	1	2011	Adult	0.972093916	0.525031261	0.20639847	0.071475644	0.433501963	0.461857007	-0.329786669	-1.541213622
159.638N22011	15	21	22	1	1	2011	Adult	0.390788969	-0.789223716	-0.310413206	-0.536563315	1.650828712	0.127276864	-0.620331518	-0.864220577
159.646N12011	10	23	25	1	1	2011	Adult	-1.020951616	-0.708134349	-0.495327476	-0.62869043	-0.853394109	0.72600063	0.141753332	-0.925918648
159.646n22011	21	41	41	0	1	2011	Adult	1.304268171	-0.699825335	-0.327798309	-0.62869043	0.83349147	0.735785703	-0.81085273	-0.13867823
159.666N12011	10	18	19	1	1	2011	Adult	0.972093916	1.774668649	-1.516307118	-0.62869043	-0.853394109	-3.63726168	-0.763222427	-0.86691776
159.688N12011	20	26	28	1	1	2011	Adult	-1.602256563	-0.944266673	-0.991593122	-0.62869043	0.607391169	0.739701067	-0.286919396	-1.055720602
159.688N22011	17	40	41	1	1	2011	Adult	0.722963224	-0.881731604	0.089444146	-0.459176539	0.868242029	0.769049617	-0.572701215	-0.087731431
159.706N12011	11	30	31	1	1	2011	Adult	-1.187038744	-0.024925041	0.032547448	-0.62869043	-0.853394109	0.786658747	-1.26334061	-0.86691776
159.735n12011	1	9	12	1	1	2011	Adult	0.722963224	-0.76679235	-0.507971187	-0.481287046	0.103081779	0.70252179	-0.19165879	0.262527808
159.735n22011	16	36	37	1	1	2011	Adult	2.549921629	-0.511729056	-0.798776534	-0.256496886	0.90302669	-0.432319948	0.665686666	0.181986914
159.765N12011	10	18	20	1	1	2011	Adult	-0.439646669	-1.022234987	-1.598491238	0.720050534	2.34645374	0.07640382	-0.50125576	-0.850060364
159.826N12011	10	39	40	1	1	2011	Adult	-1.020951616	0.663220915	0.149501772	-0.62869043	0.989988345	0.41294498	-0.358364851	-0.502797995
159.886N12011	15	43	43	0	1	2011	Adult	-1.851387255	-0.112670794	0.038237117	-0.62869043	0.955203683	0.733831357	-0.894205761	-0.922547169
159.906N12011	12	14	15	1	1	2011	Adult	-1.436169436	-1.08740271	0.494042889	-0.62869043	-0.627327911	0.336638749	-0.251196669	-0.558090256
159.987n12011	26	40	40	0	1	2011	Adult	-0.522690233	0.24262085	-0.890443436	0.506315627	1.024773006	0.234892662	-0.056706264	0.063610529
160.095N12011	10	12	15	1	1	2011	Adult	-0.522690233	-0.731326424	-1.887716121	0.612446063	-0.853394109	-1.574985743	0.34418212	-0.549998705
160.166N12011	15	41	41	0	1	2011	Adult	-1.187038744	-0.340775857	-0.778230504	-0.62869043	0.676960492	-1.26388444	-0.365509396	-0.222290916
160.226N12011	10	14	16	1	1	2011	Adult	-0.522690233	-0.283836739	0.155823627	-0.62869043	0.224828095	0.526430488	0.951468485	-0.702089883
160.317N12011	4	29	29	0	1	2011	Adult	0.722963224	0.676636538	-0.451074488	0.825075445	-0.853394109	-1.001695164	-0.377416972	-0.134182924
160.499N12011	9	10	12	1	1	2011	Adult	-0.522690233	-0.696529699	-0.252252137	-0.62869043	-0.853394109	0.739701067	-0.339312729	0.522131715
160.571N12011	21	35	36	1	1	2011	Adult	-1.519212999	0.882003271	1.002952247	-0.12383384	-0.853394109	-1.663031394	-0.717179801	-0.833202967
160.622n12011	15	38	38	0	1	2011	Adult	-0.107472414	0.381783525	1.040883379	-0.529193146	-0.853394109	0.209452805	0.006800807	-0.467397462
159.661N12011	8	33	33	0	1	2011	Adult	0.058614714	0.036875382	-1.293461716	-0.62869043	-0.853394109	-0.514495889	-0.420284245	-1.001776933
160.711N12011	21	43	43	0	1	2011	Adult	-0.688777361	0.519772696	-1.167024609	0.384707835	-0.853394109	0.77296498	-1.26334061	-1.541213622
160.761N12011	13	38	38	0	1	2011	Adult	-0.605733797	1.329335201	-0.274062538	0.793752226	-0.853394109	-0.477316612	-0.929928488	-0.950530447
159.225N12011	13	39	39	0	1	2011	Juvenile	-0.356603106	-0.795530184	-0.78929375	-0.278607393	1.807325587	0.499036284	1.070544243	0.44795917
159.296N12011	10	41	41	0	1	2011	Juvenile	-1.353125872	-0.510208808	0.234846819	-0.138574178	2.34645374	-0.447968062	-0.296445456	-1.541213622
159.415n12011	10	17	20	1	1	2011	Juvenile	0.722963224	-0.185033612	1.202090691	-0.256496886	-0.853394109	-0.847121686	-0.691776972	-0.556741664
159.457n12011	20	36	36	0	1	2011	Juvenile	-0.439646669	3.080174357	-1.411996504	0.502630542	2.033425888	-1.169962409	-1.26334061	-1.541213622
159.508N12011	10	33	36	1	1	2011	Juvenile	-0.522690233	-0.745461603	-0.741879835	0.15623259	-0.853394109	0.769049617	-0.001137577	-0.162653193
159.568n12011	9	34	34	0	1	2011	Juvenile	-0.190515978	-0.594113915	-0.397338718	-0.319143324	0.868242029	-0.94495241	-0.834667882	-0.765773381
159.663n12011	10	38	39	1	1	2011	Juvenile	0.307745405	-0.644307024	0.079961363	0.240989535	2.08560288	-0.111433572	-0.096398183	-0.175764502
159.755N12011	10	15	20	1	1	2011	Juvenile	1.470355299	-0.880942936	-0.78929375	-0.429695862	0.416109632	0.551863675	-0.024952729	-0.111706395
160.016N12011	10	12	13	1	1	2011	Juvenile	0.058614714	2.082220206	0.048352086	-0.62869043	0.38132497	0.786658747	0.038554342	-0.211887494
160.028N12011	9	11	14	1	1	2011	Juvenile	-1.10399518	-1.025161585	-0.650212932	-0.127518925	0.816099139	0.669264546	-0.601279396	-0.404350799
160.028n22011	7	20	22	1	1	2011	Juvenile	0.722963224	-0.98286613	-0.85883416	-0.62869043	0.398717301	0.72013092	0.308459393	0.576075384
160.206n12011	22	38	38	0	1	2011	Juvenile	0.639919661	-0.208004248	-1.59533031	0.377337666	-0.853394109	-0.209264296	0.26082909	-0.327481071
160.216N12011	7	43	43	0	1	2011	Juvenile	-1.020951616	-0.066942236	-0.870845685	0.10832649	2.13774577	0.587081935	-0.371066265	-0.723067976
160.364N12011	10	12	13	1	1	2011	Juvenile	-1.020951616	0.306904431	-0.675500354	0.539481388	-0.853394109	-0.698417918	-0.04876788	0.110811239
159.646N12012	11	26	33	1	1	2012	Adult	-0.02442885	-0.677552089	-0.438430777	-0.62869043	0.224828095	0.75535585	-0.91405172	-0.979300404
160.428N12012	12	23	25	1	1	2012	Adult	0	-0.787576451	-0.449494024	-0.62869043	0.64217583	0.673173239	1.594477577	-0.473578508
160.317N12012	17	37	37	0	1	2012	Adult	-0.439646669	0.691655573	0.592031648	-0.110936044	-0.853394109	-1.089740815	-0.27501182	-0.500871435
159.366N22012	12	35	35	0	1	2012	Adult	1.05513748	-0.654626314	-1.437283926	-0.62869043	-0.853394109	-0.062514875	-0.096398183	-0.664629002
159.663N12012	10	36	36	0	1	2012	Adult	-0.771820925	-0.597311365	0.737434321	-0.62869043	1.198662212	-0.156430235	-0.517132528	-0.821964703
160.056N12012	12	19	22	1	1	2012	Juvenile	-0.771820925	-0.385434039	0.430824336	-0.562358907	0.83349147	-2.175663855	-0.608423942	-0.385277859
160.206N12012	11	26	30	1	1	2012	Adult	-0.854864489	0.000280702	-1.468893203	1.519713892	-0.853394109	-1.764777481	-0.775130003	-0.988291015
160.047N12012	11	14	18	1	1	2012	Juvenile	-0.688777361	-0.250635962	-0.495327476	-0.595524669	-0.853394109	0.786658747	-0.977558791	-0.745544505
159.876N12012	10	13	16	1	1	2012	Adult	0	-0.75267906	-0.251936044	-0.62869043	0.242186323	0.131192227	-0.882298185	-0.484816772
159.329N12012	14	17	23	1	1	2012	Adult	-1.10399518	1.354172607	0.459272685	-0.367049424	-0.853394109	0.434469474	-0.715592124	-0.074620123
159.406N12012	17	29	34	1	1	2012	Juvenile	-1.353125872	-0.375329692	-0.425787067	-0.62869043	0.88563436	0.681003966	-0.477440608	-0.320738112
159.276N12012	10	13	16	1	1	2012	Adult	-0.854864489	-0.602965727	-0.941018279	-0.12383384	-0.853394109	0.704482806	-0.858483033	-1.204065691
160.226N12012	19	22	28	1	1	2012	Adult	-1.519212999	-0.254713111	-0.368890368	0.498945457	-0.836001779	-0.416665165	-0.072583032	0.313099998
159.465N12012	10	9	15	1	1	2012	Juvenile	0	-1.010126453	-0.942598743	-0.62869043	-0.853394109	0.002051936	1.95170485	-0.158907105
159.765N12012	12	22	26	1	1	2012	Adult	-0.854864489	-0.562040187	-0.544321855	0.338644277	-0.853394109	-0.356007047	-0.596516366	-0.605628114
159.238N12012	14	37	37	0	1	2012	Adult	-0.937908052	1.594801843	0.275938879	-0.149629432	-0.853394109	-4.975595593	-0.310734547	-0.154090706
160.216N12012	11	33	33	0	1	2012	Adult	-0.771820925	0.003895505	-0.561706957	-0.547618569	2.294276748	0.610560775	-0.358364851	-0.86691776
159.366N12012	15	17	22	1	1	2012	Adult	-0.937908052	-0.630627386	0.867032356	-0.62869043	0.242186323	0.336638749	0.189383635	0.576075384
159.745N12012	14	32	32	0	1	2012	Juvenile	-0.937908052	-0.853149009	1.783701385	-0.62869043	2.068210549	-0.029250961	-0.715592124	-0.327481071
159.906N12012	12	34	36	1	1	2012	Adult	-0.771820925	-0.196930487	-0.628086439	-0.326513493	-0.853394109	0.420769037	-0.548886063	-0.529769829
159.525N12012	13	35	37	1	1	2012	Juvenile	-0.854864489	0.661131083	0.016742809	-0.112778586	-0.853394109	-0.399056035	-0.50125576	-0.057762726
159.805N12012	11	32	35	1	1	2012	Adult	-0.854864489	-0.06532453	1.165740022	-0.62869043	0.972596014	0.769049617	-0.58460879	-0.883775157
160.531N12012	9	27	32	1	1	2012	Adult	-0.522690233	0.26953341	-0.983690803	-0.201220617	-0.853394109	-0.293394584	-0.548886063	-0.759030422
159.225N12012	10	14	18	1	1	2012	Adult	0	-0.567807278	-0.536419536	0.115696659	-0.853394109	0.786658747	-1.025189094	-0.826460009
159.688N12012	9	19	24	1	1	2012	Adult	-0.522690233	0.301450068	0.484560106	-0.496027385	-0.853394109	0.763179907	-0.572701215	-0.452707445
160.751N12012	10	31	31	0	1	2012	Adult	-0.854864489	-0.695008333	-1.067455387	0.19676852	-0.853394109	0.771003964	-0.024952729	-0.86691776
159.296N12012	4	11	15	1	1	2012	Adult	-0.522690233	-0.531526984	-0.827224883	0.961423575	2.34645374	-0.383401251	-1.26334061	-0.327481071
160.176N12012	9	11	16	1	1	2012	Adult	0	1.909069739	-0.406821501	-0.62869043	1.111734661	0.569472805	-0.81085273	-0.774202079
UnbandedN12012	11	36	36	0	1	2012	Unknown	-0.937908052	-1.03370774	0.24749053	-0.109093502	-0.192553742	0.604691065	-0.679869397	-0.853431843
159.316N12012	12	33	35	1	1	2012	Juvenile	-0.688777361	-0.954998324	0.181111049	-0.62869043	0.816099139	0.604691065	-0.533009295	-0.583713498
159.676N12012	12	38	38	0	1	2012	Adult	-0.937908052	1.974272575	-0.501649331	1.538139315	1.007380676	-1.363669511	-0.787037579	-0.462340243
159.914N12012	12	37	37	0	1	2012	Juvenile	-0.771820925	-0.599008647	-0.046475745	-0.62869043	0.88563436	0.434469474	-0.120213335	-0.597199416
160.016N12012	7	11	16	1	1	2012	Adult	-0.273559542	1.794092451	-0.462137735	-0.62869043	-0.853394109	0.786658747	1.02291394	-0.445482847
160.467N12012	13	39	39	0	1	2012	Adult	-0.688777361	-0.614538608	0.5066866	-0.62869043	-0.853394109	-0.559499223	-1.26334061	-0.86691776
160.136N12012	11	36	36	0	1	2012	Adult	0.141658278	1.457601397	-0.759264937	1.199111532	-0.853394109	-2.165885452	0.332274545	0.522131715
160.086N12012	15	18	22	1	1	2012	Adult	0	1.859365355	-1.867170091	0.57264715	-0.853394109	-5.03624704	-0.477440608	-0.23307965
159.484N12012	10	36	36	0	1	2012	Juvenile	-0.605733797	-0.939314989	0.62996278	-0.62869043	0.746529815	-0.348182991	-0.846575457	-0.634660297
160.009N12012	16	33	36	1	1	2012	Juvenile	-0.439646669	1.795809875	0.079961363	-0.414955523	-0.853394109	-0.26600705	0.046492726	-0.098220478
159.776N12012	11	26	30	1	1	2012	Adult	0.141658278	-0.695919017	-1.465732275	0.344171904	2.155138101	0.724046283	1.046729091	0.751392308
159.396N12012	12	35	35	0	1	2012	Adult	-0.02442885	0.358528632	0.819618441	0.742161041	-0.853394109	0.410990633	-0.453625457	0.616533136
159.426N22012	10	38	38	0	1	2012	Adult	-0.107472414	-0.855416439	-0.359407585	0.47683495	-0.853394109	-0.044905744	-1.26334061	-0.529769829
160.297N12012	16	39	39	0	1	2012	Juvenile	-0.356603106	0.837615973	1.303240377	0.034624798	-0.853394109	-0.324704151	0.03458515	0.780290702
160.386N12012	7	34	34	0	1	2012	Juvenile	0.307745405	-0.265400415	-0.422626139	-0.319143324	-0.853394109	0.446208894	1.094359394	2.010077917
160.086N22012	6	6	13	1	1	2012	Adult	1.636442427	2.099902635	-1.219179916	-0.422325693	-0.853394109	-4.046200377	0.046492726	-0.664629002
160.437N12012	7	35	35	0	1	2012	Juvenile	0.307745405	2.258045612	0.626801852	-0.297032816	-0.853394109	0.600782372	0.451350302	-0.252559308
159.876N22012	14	39	39	0	1	2012	Adult	0.556876097	-0.740337227	0.854388646	-0.481287046	0.398717301	0.215322515	-0.239289093	0.468188046
159.638N22012	15	15	19	1	1	2012	Adult	0.806006788	-0.140952025	1.211573474	-0.319143324	-0.853394109	-1.130828785	-0.50125576	0.926709232
